<TICKER>,<PER>,<DATE>,<TIME>,<OPEN>,<HIGH>,<LOW>,<CLOSE>,<VOL>
ICE.BRN,D,20140202,000000,105.7500000,105.7500000,105.4400000,105.5500000,113
ICE.BRN,D,20140203,000000,105.5700000,106.0500000,104.7800000,105.2700000,49438
ICE.BRN,D,20140204,000000,105.2000000,105.5600000,104.8800000,105.3800000,31416
ICE.BRN,D,20140205,000000,105.3300000,105.8200000,105.0000000,105.5600000,38648
ICE.BRN,D,20140206,000000,105.7100000,106.8800000,105.5500000,106.7500000,39920
ICE.BRN,D,20140207,000000,106.7700000,109.0200000,106.2900000,108.8300000,73752
ICE.BRN,D,20140209,000000,108.9600000,108.9700000,108.7700000,108.9500000,64
ICE.BRN,D,20140210,000000,108.9600000,109.0100000,107.7300000,107.7800000,61597
ICE.BRN,D,20140211,000000,107.8300000,108.6300000,107.8300000,108.2000000,70319
ICE.BRN,D,20140212,000000,108.2400000,109.0000000,108.0700000,108.2700000,103739
ICE.BRN,D,20140213,000000,108.2000000,108.7400000,107.6400000,108.5800000,102707
ICE.BRN,D,20140214,000000,108.5800000,109.2500000,107.8500000,109.0500000,86107
ICE.BRN,D,20140216,000000,109.0200000,109.4000000,109.0200000,109.3800000,499
ICE.BRN,D,20140217,000000,109.3600000,109.3700000,108.6400000,109.1000000,34451
ICE.BRN,D,20140218,000000,109.0900000,110.7000000,108.8400000,110.6300000,101275
ICE.BRN,D,20140219,000000,110.5200000,110.8200000,110.0200000,110.4200000,100932
ICE.BRN,D,20140220,000000,110.3900000,110.4900000,109.5800000,110.4900000,100575
ICE.BRN,D,20140221,000000,110.4900000,110.4900000,109.3500000,109.8400000,100833
ICE.BRN,D,20140223,000000,109.9900000,110.1300000,109.8900000,110.1300000,272
ICE.BRN,D,20140224,000000,110.1200000,110.7700000,109.5000000,110.7100000,100360
ICE.BRN,D,20140225,000000,110.6400000,110.6400000,109.4200000,109.5900000,93772
ICE.BRN,D,20140226,000000,109.5600000,109.9700000,109.2000000,109.5100000,91286
ICE.BRN,D,20140227,000000,109.4100000,109.4500000,108.6500000,108.7700000,109488
ICE.BRN,D,20140228,000000,108.8500000,109.3400000,108.4000000,108.6500000,102250
ICE.BRN,D,20140302,000000,108.8300000,110.7000000,108.8300000,110.4900000,1910
ICE.BRN,D,20140303,000000,110.5000000,111.8700000,109.9200000,110.7800000,53805
ICE.BRN,D,20140304,000000,110.6400000,110.8600000,108.6000000,108.6200000,44442
ICE.BRN,D,20140305,000000,108.6700000,108.9300000,107.0900000,107.2900000,39833
ICE.BRN,D,20140306,000000,107.2000000,107.9700000,106.8600000,107.8000000,41826
ICE.BRN,D,20140307,000000,107.7300000,108.5500000,107.2700000,108.2300000,50146
ICE.BRN,D,20140309,000000,108.3000000,108.3200000,108.0700000,108.1200000,29
ICE.BRN,D,20140310,000000,108.2100000,108.2400000,107.2100000,107.3800000,36741
ICE.BRN,D,20140311,000000,107.3000000,108.0800000,107.2700000,107.7700000,43608
ICE.BRN,D,20140312,000000,107.6600000,107.8400000,106.9200000,107.6000000,96322
ICE.BRN,D,20140313,000000,107.5300000,107.7900000,106.5000000,106.9900000,91337
ICE.BRN,D,20140314,000000,106.8200000,108.5000000,106.7500000,108.5000000,120033
ICE.BRN,D,20140316,000000,108.5100000,108.6000000,108.3100000,108.3200000,750
ICE.BRN,D,20140317,000000,108.3500000,108.4000000,106.1600000,106.4000000,112936
ICE.BRN,D,20140318,000000,106.2800000,106.8500000,105.8500000,106.6500000,86172
ICE.BRN,D,20140319,000000,106.5900000,106.8700000,105.7100000,105.8400000,107803
ICE.BRN,D,20140320,000000,105.8700000,106.7500000,105.4100000,106.2300000,122795
ICE.BRN,D,20140321,000000,106.2500000,107.7700000,106.0100000,107.2000000,114972
ICE.BRN,D,20140323,000000,106.9700000,107.0900000,106.8000000,106.8100000,199
ICE.BRN,D,20140324,000000,106.7900000,107.5000000,106.4500000,106.5900000,88767
ICE.BRN,D,20140325,000000,106.5900000,107.4800000,106.4400000,106.9300000,101007
ICE.BRN,D,20140326,000000,106.9400000,107.3500000,106.4800000,107.0000000,88464
ICE.BRN,D,20140327,000000,106.9200000,107.9900000,106.7700000,107.6900000,107367
ICE.BRN,D,20140328,000000,107.7300000,108.3900000,107.6200000,107.9700000,91224
ICE.BRN,D,20140330,000000,107.8900000,107.9700000,107.7800000,107.9200000,146
ICE.BRN,D,20140331,000000,107.9500000,108.3300000,107.0500000,107.7000000,104113
ICE.BRN,D,20140401,000000,107.5500000,107.7000000,105.0300000,105.3100000,52870
ICE.BRN,D,20140402,000000,105.3300000,105.7600000,103.9600000,104.7000000,81871
ICE.BRN,D,20140403,000000,104.5900000,106.2400000,104.4100000,106.1400000,58761
ICE.BRN,D,20140404,000000,106.1100000,106.9100000,106.0400000,106.5700000,51932
ICE.BRN,D,20140406,000000,106.3000000,106.3100000,106.0700000,106.1000000,311
ICE.BRN,D,20140407,000000,106.1000000,106.6000000,105.1200000,105.9800000,53317
ICE.BRN,D,20140408,000000,106.0000000,107.8000000,105.8000000,107.4800000,67060
ICE.BRN,D,20140409,000000,107.5100000,108.1200000,107.1000000,107.9000000,66957
ICE.BRN,D,20140410,000000,107.8800000,107.9100000,107.3300000,107.3900000,53545
ICE.BRN,D,20140411,000000,107.3800000,107.9200000,107.0600000,107.1500000,74965
ICE.BRN,D,20140413,000000,107.4900000,107.8800000,107.4900000,107.8500000,387
ICE.BRN,D,20140414,000000,107.8000000,109.1400000,107.2800000,108.9600000,156815
ICE.BRN,D,20140415,000000,108.8200000,109.7400000,108.3300000,109.1800000,133335
ICE.BRN,D,20140416,000000,109.4300000,110.3500000,109.0000000,109.7100000,128755
ICE.BRN,D,20140417,000000,109.6400000,110.1800000,109.0800000,109.7600000,103858
ICE.BRN,D,20140420,000000,109.8300000,109.8900000,109.6800000,109.7200000,83
ICE.BRN,D,20140421,000000,109.7000000,110.0500000,108.8900000,109.9600000,45440
ICE.BRN,D,20140422,000000,109.8800000,109.9900000,108.5300000,109.3700000,119771
ICE.BRN,D,20140423,000000,109.4900000,109.5400000,108.6000000,109.1400000,113034
ICE.BRN,D,20140424,000000,109.2300000,110.6400000,109.0700000,110.4100000,122943
ICE.BRN,D,20140425,000000,110.3900000,110.6300000,109.2500000,109.3900000,112353
ICE.BRN,D,20140427,000000,109.5000000,109.7800000,109.4600000,109.7300000,218
ICE.BRN,D,20140428,000000,109.7700000,110.2000000,107.8600000,108.1200000,132076
ICE.BRN,D,20140429,000000,108.1300000,109.3700000,108.0000000,108.9100000,97721
ICE.BRN,D,20140430,000000,108.7500000,108.7800000,107.5500000,108.1400000,122847
ICE.BRN,D,20140501,000000,107.5400000,107.5600000,106.3200000,107.0700000,27277
ICE.BRN,D,20140502,000000,107.2200000,108.3300000,107.0700000,108.3300000,28804
ICE.BRN,D,20140505,000000,107.9300000,108.2700000,106.4400000,106.9800000,22216
ICE.BRN,D,20140506,000000,106.9100000,107.5800000,106.8200000,107.2200000,0
ICE.BRN,D,20140507,000000,106.5900000,107.7300000,106.4600000,107.5300000,43939
ICE.BRN,D,20140508,000000,107.5100000,107.5700000,106.8600000,107.4900000,39045
ICE.BRN,D,20140509,000000,107.5200000,108.4400000,107.0500000,107.3600000,55652
ICE.BRN,D,20140511,000000,107.6100000,107.6100000,107.3700000,107.4500000,57
ICE.BRN,D,20140512,000000,107.4600000,108.1700000,107.3600000,107.7700000,48834
ICE.BRN,D,20140513,000000,107.7500000,108.7500000,107.4400000,108.6500000,68692
ICE.BRN,D,20140514,000000,108.6900000,109.5500000,108.6300000,109.2000000,101426
ICE.BRN,D,20140515,000000,109.2600000,109.6500000,108.8300000,109.0200000,120309
ICE.BRN,D,20140516,000000,109.0900000,110.0500000,108.8800000,109.6800000,98489
ICE.BRN,D,20140518,000000,109.8100000,109.8600000,109.7300000,109.8100000,176
ICE.BRN,D,20140519,000000,109.8200000,110.3300000,109.3000000,109.3600000,87450
ICE.BRN,D,20140520,000000,109.3300000,110.0000000,109.1000000,109.8400000,87249
ICE.BRN,D,20140521,000000,109.7900000,110.7300000,109.7000000,110.5400000,115448
ICE.BRN,D,20140522,000000,110.4900000,111.0400000,110.1700000,110.3900000,101941
ICE.BRN,D,20140523,000000,110.3900000,110.7000000,110.2500000,110.4400000,75444
ICE.BRN,D,20140525,000000,110.4400000,110.4900000,110.3400000,110.4400000,35
ICE.BRN,D,20140526,000000,110.4400000,110.5500000,109.7500000,110.3900000,21231
ICE.BRN,D,20140527,000000,110.3900000,110.8000000,109.7100000,110.1900000,99755
ICE.BRN,D,20140528,000000,110.1900000,110.4000000,109.4100000,110.0600000,96465
ICE.BRN,D,20140529,000000,109.9700000,110.4600000,109.7200000,110.0700000,89399
ICE.BRN,D,20140530,000000,110.0500000,110.1300000,109.2200000,109.4900000,101124
ICE.BRN,D,20140601,000000,108.7700000,108.7700000,108.7500000,108.7600000,14
ICE.BRN,D,20140602,000000,108.7300000,109.1200000,107.9500000,108.1700000,28150
ICE.BRN,D,20140603,000000,108.1700000,108.3200000,107.7000000,108.1800000,22901
ICE.BRN,D,20140604,000000,108.2100000,108.7500000,107.3700000,107.4300000,35823
ICE.BRN,D,20140605,000000,107.5500000,108.2500000,107.1100000,108.1900000,46529
ICE.BRN,D,20140606,000000,108.2100000,108.6000000,107.7100000,108.0100000,35826
ICE.BRN,D,20140608,000000,107.9600000,107.9600000,107.7900000,107.8000000,40
ICE.BRN,D,20140609,000000,107.8100000,109.3000000,107.7900000,109.1000000,49135
ICE.BRN,D,20140610,000000,109.0900000,109.5000000,108.4300000,108.9800000,54679
ICE.BRN,D,20140611,000000,108.9400000,109.5800000,108.7900000,109.5100000,63351
ICE.BRN,D,20140612,000000,109.3400000,112.7500000,109.3400000,112.5400000,201660
ICE.BRN,D,20140613,000000,112.8000000,114.0700000,112.0000000,112.4000000,180440
ICE.BRN,D,20140615,000000,112.7300000,113.2700000,112.5700000,113.0900000,1068
ICE.BRN,D,20140616,000000,113.1000000,113.2800000,112.3300000,112.8300000,101708
ICE.BRN,D,20140617,000000,112.9600000,113.8000000,112.1600000,113.3100000,128139
ICE.BRN,D,20140618,000000,113.4600000,114.5400000,113.0500000,114.1400000,129570
ICE.BRN,D,20140619,000000,114.2200000,115.7100000,114.1500000,114.9200000,150153
ICE.BRN,D,20140620,000000,114.9200000,115.1100000,114.4300000,114.6800000,104260
ICE.BRN,D,20140622,000000,115.0500000,115.1500000,114.9000000,115.1000000,342
ICE.BRN,D,20140623,000000,115.0900000,115.6600000,113.8600000,113.9700000,108443
ICE.BRN,D,20140624,000000,113.9000000,114.8300000,113.5500000,114.1300000,119497
ICE.BRN,D,20140625,000000,114.3500000,114.6500000,113.2300000,114.2200000,122377
ICE.BRN,D,20140626,000000,114.2400000,114.2900000,113.0000000,113.0200000,98097
ICE.BRN,D,20140627,000000,113.0700000,113.7100000,112.9000000,113.1800000,84385
ICE.BRN,D,20140629,000000,113.1800000,113.2000000,113.0400000,113.0400000,145
ICE.BRN,D,20140630,000000,113.0400000,113.1600000,112.1600000,112.4000000,100797
ICE.BRN,D,20140701,000000,112.5000000,112.6000000,111.6800000,111.8500000,33042
ICE.BRN,D,20140702,000000,111.9500000,112.2300000,110.8700000,111.0000000,50955
ICE.BRN,D,20140703,000000,110.8700000,111.0300000,110.5000000,110.8900000,45261
ICE.BRN,D,20140704,000000,110.8300000,111.1600000,110.4800000,110.4900000,16437
ICE.BRN,D,20140706,000000,110.5100000,110.5400000,110.4100000,110.4600000,133
ICE.BRN,D,20140707,000000,110.4600000,110.8400000,109.8200000,109.8500000,47971
ICE.BRN,D,20140708,000000,110.0900000,110.1300000,108.8400000,109.0100000,65326
ICE.BRN,D,20140709,000000,108.9600000,109.1300000,108.3100000,108.3200000,58215
ICE.BRN,D,20140710,000000,108.3000000,109.2000000,107.9800000,108.8500000,75368
ICE.BRN,D,20140711,000000,108.9400000,109.0800000,106.9600000,107.2600000,111378
ICE.BRN,D,20140713,000000,107.0000000,107.4100000,106.9800000,107.3100000,218
ICE.BRN,D,20140714,000000,107.3300000,108.1100000,106.9200000,107.6000000,108096
ICE.BRN,D,20140715,000000,107.5100000,107.6900000,105.5900000,106.7500000,178210
ICE.BRN,D,20140716,000000,106.8100000,107.9600000,106.7500000,107.0800000,135626
ICE.BRN,D,20140717,000000,107.1600000,108.6000000,106.8000000,108.4500000,167534
ICE.BRN,D,20140718,000000,108.5000000,108.6200000,106.9400000,107.1400000,107470
ICE.BRN,D,20140720,000000,107.1000000,107.1900000,106.9500000,106.9700000,226
ICE.BRN,D,20140721,000000,106.9700000,107.8700000,106.7900000,107.6800000,103206
ICE.BRN,D,20140722,000000,107.8000000,108.4000000,106.8300000,106.8900000,99856
ICE.BRN,D,20140723,000000,106.9100000,108.2500000,106.8700000,108.1800000,107865
ICE.BRN,D,20140724,000000,108.1500000,108.2100000,106.8300000,107.1300000,102555
ICE.BRN,D,20140725,000000,107.2000000,108.4600000,106.7300000,108.1300000,162495
ICE.BRN,D,20140727,000000,108.2500000,108.3800000,108.1600000,108.2200000,74
ICE.BRN,D,20140728,000000,108.2500000,108.2500000,107.0200000,107.5000000,98372
ICE.BRN,D,20140729,000000,107.4600000,108.0500000,107.1300000,107.5000000,115861
ICE.BRN,D,20140730,000000,107.4900000,107.8600000,105.8400000,106.0300000,136185
ICE.BRN,D,20140731,000000,106.0600000,106.5900000,105.4100000,105.5200000,139726
ICE.BRN,D,20140801,000000,105.6000000,106.6000000,105.0600000,105.3300000,44124
ICE.BRN,D,20140803,000000,105.4400000,105.4400000,105.3200000,105.4000000,40
ICE.BRN,D,20140804,000000,105.3900000,106.2900000,105.2400000,106.1700000,43916
ICE.BRN,D,20140805,000000,106.0100000,106.2100000,104.6900000,105.5900000,48750
ICE.BRN,D,20140806,000000,105.4300000,106.0000000,105.2100000,105.2700000,55281
ICE.BRN,D,20140807,000000,105.3600000,106.5300000,104.8800000,106.3700000,60683
ICE.BRN,D,20140808,000000,106.2700000,107.4500000,105.3100000,105.3100000,94742
ICE.BRN,D,20140810,000000,105.4200000,105.6000000,105.3200000,105.6000000,101
ICE.BRN,D,20140811,000000,105.5600000,106.1300000,105.0800000,105.0900000,58406
ICE.BRN,D,20140812,000000,105.1700000,105.3500000,103.4900000,103.8000000,114430
ICE.BRN,D,20140813,000000,103.7300000,105.1300000,103.2600000,104.6800000,135928
ICE.BRN,D,20140814,000000,104.9000000,105.0900000,101.9200000,102.0800000,195510
ICE.BRN,D,20140815,000000,102.1000000,103.7600000,102.0700000,103.4000000,129607
ICE.BRN,D,20140817,000000,103.2500000,103.2500000,102.9100000,102.9800000,137
ICE.BRN,D,20140818,000000,103.0000000,103.0200000,101.1100000,101.7900000,112904
ICE.BRN,D,20140819,000000,101.6200000,102.0700000,101.0700000,101.6000000,95896
ICE.BRN,D,20140820,000000,101.5000000,102.3700000,101.4400000,102.2900000,99962
ICE.BRN,D,20140821,000000,102.2800000,102.7900000,101.2100000,102.6900000,105145
ICE.BRN,D,20140822,000000,102.6700000,102.8300000,102.0000000,102.1000000,82125
ICE.BRN,D,20140824,000000,102.1300000,102.1600000,101.8600000,101.8600000,225
ICE.BRN,D,20140825,000000,101.9700000,102.8200000,101.6500000,102.6600000,57040
ICE.BRN,D,20140826,000000,102.7100000,103.4000000,102.3500000,102.5800000,94395
ICE.BRN,D,20140827,000000,102.4200000,103.0700000,102.0500000,102.6000000,91522
ICE.BRN,D,20140828,000000,102.5400000,103.2000000,102.2500000,102.4700000,114341
ICE.BRN,D,20140829,000000,102.5100000,103.3000000,102.4900000,103.0400000,92751
ICE.BRN,D,20140831,000000,103.1100000,103.1400000,103.0000000,103.1100000,210
ICE.BRN,D,20140901,000000,103.1000000,103.8100000,103.0400000,103.1000000,15563
ICE.BRN,D,20140902,000000,103.2800000,103.3600000,100.8000000,101.2400000,54242
ICE.BRN,D,20140903,000000,101.0300000,103.6600000,101.0100000,102.9100000,54391
ICE.BRN,D,20140904,000000,102.9500000,103.4500000,102.1800000,102.3000000,44451
ICE.BRN,D,20140905,000000,102.4000000,102.8400000,100.9500000,101.5300000,48623
ICE.BRN,D,20140907,000000,101.5300000,101.5300000,101.2800000,101.4100000,113
ICE.BRN,D,20140908,000000,101.3600000,101.5500000,100.0300000,100.8900000,49789
ICE.BRN,D,20140909,000000,100.8200000,101.2500000,99.8000000,100.0000000,53144
ICE.BRN,D,20140910,000000,100.1000000,100.2500000,98.4100000,98.7500000,74987
ICE.BRN,D,20140911,000000,98.8100000,99.2500000,97.4800000,98.9500000,104444
ICE.BRN,D,20140912,000000,98.8900000,99.5900000,97.6700000,97.8000000,124451
ICE.BRN,D,20140914,000000,97.6400000,97.8700000,97.5500000,97.6300000,364
ICE.BRN,D,20140915,000000,97.5800000,98.4000000,97.0200000,98.0000000,111097
ICE.BRN,D,20140916,000000,97.9600000,99.4500000,97.4400000,99.0000000,127172
ICE.BRN,D,20140917,000000,98.9400000,99.6100000,98.5100000,98.7200000,127812
ICE.BRN,D,20140918,000000,98.6600000,99.1400000,97.4200000,97.6200000,124713
ICE.BRN,D,20140919,000000,97.7000000,98.4900000,97.1800000,98.3800000,115533
ICE.BRN,D,20140921,000000,98.1800000,98.3300000,98.1600000,98.1600000,83
ICE.BRN,D,20140922,000000,98.1200000,98.1700000,96.3800000,96.8500000,115178
ICE.BRN,D,20140923,000000,96.9500000,97.5900000,96.5500000,96.9400000,107400
ICE.BRN,D,20140924,000000,96.9200000,97.3300000,95.6000000,97.0900000,137414
ICE.BRN,D,20140925,000000,97.0300000,97.5600000,96.2300000,97.0500000,127900
ICE.BRN,D,20140926,000000,97.0700000,97.5000000,96.4600000,96.9000000,102614
ICE.BRN,D,20140928,000000,96.8500000,96.9200000,96.7100000,96.7100000,149
ICE.BRN,D,20140929,000000,96.7500000,97.3400000,96.2700000,97.0700000,103141
ICE.BRN,D,20140930,000000,97.1100000,97.8000000,94.2400000,94.8000000,164995
ICE.BRN,D,20141001,000000,94.7700000,96.7800000,94.4300000,94.9000000,88232
ICE.BRN,D,20141002,000000,94.9600000,94.9900000,92.1900000,94.3200000,106622
ICE.BRN,D,20141003,000000,94.0000000,94.6100000,92.0400000,92.8200000,80089
ICE.BRN,D,20141005,000000,92.6600000,92.6600000,92.3800000,92.4500000,80
ICE.BRN,D,20141006,000000,92.4600000,93.7500000,91.8100000,93.3500000,75747
ICE.BRN,D,20141007,000000,93.3800000,93.4900000,91.9400000,92.2000000,74235
ICE.BRN,D,20141008,000000,92.3300000,92.3300000,91.0000000,92.1400000,97084
ICE.BRN,D,20141009,000000,92.0600000,92.2300000,88.7700000,89.2300000,117545
ICE.BRN,D,20141010,000000,89.5300000,90.8600000,88.3500000,90.2700000,130764
ICE.BRN,D,20141012,000000,90.1700000,90.3200000,87.1000000,89.1400000,1856
ICE.BRN,D,20141013,000000,89.1400000,89.7500000,88.4100000,88.6100000,113586
ICE.BRN,D,20141014,000000,88.7100000,89.2800000,84.8300000,86.0000000,218368
ICE.BRN,D,20141015,000000,85.9700000,86.0200000,83.3800000,83.7500000,294524
ICE.BRN,D,20141016,000000,83.3600000,88.0000000,82.9300000,86.7600000,284050
ICE.BRN,D,20141017,000000,86.5000000,87.3400000,85.4900000,86.1000000,215152
ICE.BRN,D,20141019,000000,86.2100000,86.6900000,86.1600000,86.6300000,474
ICE.BRN,D,20141020,000000,86.6300000,86.6300000,84.4100000,85.3400000,146101
ICE.BRN,D,20141021,000000,85.1300000,86.4900000,85.1000000,86.4300000,146275
ICE.BRN,D,20141022,000000,86.3800000,87.0700000,84.4700000,84.6800000,164193
ICE.BRN,D,20141023,000000,84.7100000,87.1900000,84.1200000,86.7000000,207447
ICE.BRN,D,20141024,000000,86.7800000,86.7800000,85.2900000,86.2500000,132831
ICE.BRN,D,20141027,000000,85.9600000,86.2500000,84.5500000,85.4300000,127260
ICE.BRN,D,20141028,000000,85.5000000,86.3800000,85.0800000,86.2300000,100114
ICE.BRN,D,20141029,000000,86.1000000,87.9400000,86.0600000,86.7600000,141898
ICE.BRN,D,20141030,000000,86.9300000,87.1000000,85.7100000,86.1000000,113728
ICE.BRN,D,20141031,000000,86.0100000,86.2500000,84.6000000,85.9600000,133702
ICE.BRN,D,20141102,000000,86.2800000,86.3700000,86.2600000,86.3100000,53
ICE.BRN,D,20141103,000000,86.3900000,86.9000000,84.5400000,84.7100000,37838
ICE.BRN,D,20141104,000000,84.7300000,84.9500000,82.6700000,83.3000000,65870
ICE.BRN,D,20141105,000000,83.3600000,84.9900000,82.2000000,83.8900000,67687
ICE.BRN,D,20141106,000000,83.6500000,83.8000000,82.6300000,83.3100000,41630
ICE.BRN,D,20141107,000000,83.2900000,84.4000000,82.8000000,83.6000000,57135
ICE.BRN,D,20141109,000000,83.8400000,84.2700000,83.8200000,84.2100000,115
ICE.BRN,D,20141110,000000,84.1500000,85.5000000,82.5000000,82.5000000,71945
ICE.BRN,D,20141111,000000,82.6700000,83.0100000,81.2700000,82.0000000,91240
ICE.BRN,D,20141112,000000,81.8400000,82.4000000,80.5000000,80.6700000,133777
ICE.BRN,D,20141113,000000,80.7200000,81.0000000,77.4000000,77.7300000,149444
ICE.BRN,D,20141114,000000,77.6700000,79.7500000,76.7600000,79.6000000,176054
ICE.BRN,D,20141116,000000,79.6000000,79.6000000,79.3700000,79.3900000,272
ICE.BRN,D,20141117,000000,79.4000000,79.4900000,77.9400000,79.0800000,117796
ICE.BRN,D,20141118,000000,79.0000000,79.9500000,78.2100000,78.4100000,115250
ICE.BRN,D,20141119,000000,78.4100000,79.4500000,78.0400000,78.0500000,128594
ICE.BRN,D,20141120,000000,78.1100000,79.9500000,77.5600000,79.7900000,119739
ICE.BRN,D,20141121,000000,79.9500000,81.6100000,79.0700000,80.3600000,196615
ICE.BRN,D,20141124,000000,80.8100000,80.8100000,79.4000000,79.4000000,101389
ICE.BRN,D,20141125,000000,79.4500000,80.4400000,78.0500000,78.1700000,138104
ICE.BRN,D,20141126,000000,78.2800000,78.8600000,77.3000000,77.5300000,116999
ICE.BRN,D,20141127,000000,77.4000000,77.4600000,71.2500000,72.8200000,184928
ICE.BRN,D,20141128,000000,72.2600000,73.4100000,69.7800000,70.0200000,169705
ICE.BRN,D,20141130,000000,70.1500000,70.3500000,68.2200000,68.3400000,2500
ICE.BRN,D,20141201,000000,68.3000000,73.4000000,67.8200000,73.3100000,55807
ICE.BRN,D,20141202,000000,73.0100000,73.4000000,70.7900000,71.4900000,40144
ICE.BRN,D,20141203,000000,71.4300000,71.9100000,69.9900000,70.5000000,28443
ICE.BRN,D,20141204,000000,70.7500000,71.1100000,69.3100000,69.8900000,33735
ICE.BRN,D,20141205,000000,69.8500000,70.2200000,68.5400000,69.0500000,33644
ICE.BRN,D,20141207,000000,69.1900000,69.1900000,68.1500000,68.2300000,327
ICE.BRN,D,20141208,000000,68.3900000,68.8900000,66.4000000,66.5200000,45312
ICE.BRN,D,20141209,000000,66.4400000,67.4100000,65.7300000,66.7900000,64936
ICE.BRN,D,20141210,000000,66.5600000,66.7400000,63.8300000,64.5600000,91340
ICE.BRN,D,20141211,000000,64.9500000,65.3700000,63.3800000,63.5500000,83663
ICE.BRN,D,20141212,000000,63.3500000,63.9400000,61.6700000,61.9200000,119594
ICE.BRN,D,20141214,000000,60.7100000,61.4300000,60.5700000,61.0500000,1475
ICE.BRN,D,20141215,000000,61.0600000,63.4800000,60.4000000,60.5200000,145168
ICE.BRN,D,20141216,000000,61.2100000,61.2400000,58.5000000,59.8000000,203540
ICE.BRN,D,20141217,000000,59.9000000,63.4000000,58.7100000,60.6400000,249612
ICE.BRN,D,20141218,000000,61.1800000,63.7000000,59.1700000,59.8100000,230204
ICE.BRN,D,20141219,000000,59.2700000,62.6600000,59.0500000,62.1500000,126933
ICE.BRN,D,20141221,000000,61.9900000,62.0600000,61.2600000,61.5500000,493
ICE.BRN,D,20141222,000000,61.5800000,62.9700000,59.8400000,60.1300000,120736
ICE.BRN,D,20141223,000000,60.2500000,62.1400000,59.8400000,61.5500000,116369
ICE.BRN,D,20141224,000000,61.5900000,61.6900000,59.3700000,60.1500000,71392
ICE.BRN,D,20141226,000000,60.1900000,60.9700000,59.2100000,59.5200000,37499
ICE.BRN,D,20141228,000000,59.6500000,59.9200000,59.6500000,59.8700000,307
ICE.BRN,D,20141229,000000,59.8800000,60.4300000,57.3700000,57.9800000,109396
ICE.BRN,D,20141230,000000,57.9300000,58.3800000,56.7400000,57.5100000,103643
ICE.BRN,D,20141231,000000,57.3900000,57.6800000,55.8100000,57.5400000,106912
ICE.BRN,D,20150102,000000,58.0200000,58.5400000,55.4800000,56.5100000,107874
ICE.BRN,D,20150104,000000,56.2500000,56.3000000,55.7400000,55.8000000,532
ICE.BRN,D,20150105,000000,55.7700000,56.1400000,52.6600000,53.1500000,169531
ICE.BRN,D,20150106,000000,53.2000000,53.6000000,50.5200000,50.9000000,201593
ICE.BRN,D,20150107,000000,51.1400000,51.8400000,49.6600000,51.0200000,185120
ICE.BRN,D,20150108,000000,51.0600000,51.9100000,49.8100000,51.0500000,157255
ICE.BRN,D,20150109,000000,51.2500000,51.4400000,48.9000000,49.9500000,126043
ICE.BRN,D,20150111,000000,49.9300000,49.9800000,49.3600000,49.3800000,650
ICE.BRN,D,20150112,000000,49.4100000,49.5800000,47.1600000,47.2000000,140690
ICE.BRN,D,20150113,000000,47.0500000,47.2900000,45.1900000,46.7900000,106710
ICE.BRN,D,20150114,000000,46.8400000,49.2100000,45.5900000,48.6100000,48380
ICE.BRN,D,20150115,000000,48.6800000,50.6200000,47.0000000,48.3600000,6549
ICE.BRN,D,20150116,000000,48.2500000,50.4100000,48.0700000,49.9000000,198321
ICE.BRN,D,20150118,000000,50.1000000,50.3500000,49.8600000,49.9100000,359
ICE.BRN,D,20150119,000000,49.9200000,50.3400000,48.6800000,48.8500000,68313
ICE.BRN,D,20150120,000000,48.9100000,49.4800000,47.7800000,48.1700000,175030
ICE.BRN,D,20150121,000000,48.3000000,49.5900000,48.2100000,48.7500000,188872
ICE.BRN,D,20150122,000000,48.6000000,50.4500000,48.0200000,49.0000000,214697
ICE.BRN,D,20150123,000000,49.1100000,49.8000000,48.5500000,48.5500000,150208
ICE.BRN,D,20150125,000000,48.5600000,48.5800000,47.8500000,47.9700000,1449
ICE.BRN,D,20150126,000000,47.9000000,49.2900000,47.5700000,48.1100000,150765
ICE.BRN,D,20150127,000000,48.2500000,49.9900000,47.6800000,49.2600000,164211
ICE.BRN,D,20150128,000000,49.1000000,49.7200000,48.2900000,48.6500000,139893
ICE.BRN,D,20150129,000000,48.6900000,49.2500000,48.3700000,49.0500000,126508
ICE.BRN,D,20150130,000000,49.1500000,53.0800000,48.7600000,52.9500000,241857
ICE.BRN,D,20150201,000000,52.6000000,52.6800000,51.5000000,52.1000000,668
ICE.BRN,D,20150202,000000,52.1000000,55.6200000,51.4100000,54.8500000,259227
ICE.BRN,D,20150203,000000,55.0000000,60.0800000,54.8400000,58.0200000,89994
ICE.BRN,D,20150204,000000,59.1000000,59.1100000,54.5400000,55.4700000,82704
ICE.BRN,D,20150205,000000,55.8500000,58.7800000,54.0600000,57.8700000,109455
ICE.BRN,D,20150206,000000,57.6700000,59.9000000,57.6700000,59.0900000,79280
ICE.BRN,D,20150208,000000,57.9300000,59.0600000,57.9000000,58.6000000,1010
ICE.BRN,D,20150209,000000,58.5600000,60.5900000,57.9800000,58.8300000,105882
ICE.BRN,D,20150210,000000,58.8700000,59.6200000,57.1900000,57.9700000,132258
ICE.BRN,D,20150211,000000,58.1500000,58.1500000,55.1600000,56.3000000,185626
ICE.BRN,D,20150212,000000,56.3300000,59.9100000,56.0700000,59.2400000,216467
ICE.BRN,D,20150213,000000,59.2700000,61.7700000,59.0800000,61.4100000,185575
ICE.BRN,D,20150215,000000,61.4900000,62.3200000,61.4900000,62.0300000,698
ICE.BRN,D,20150216,000000,62.0300000,62.5700000,60.7100000,61.6000000,70978
ICE.BRN,D,20150217,000000,61.6800000,63.0000000,60.2700000,62.2900000,167588
ICE.BRN,D,20150218,000000,62.3000000,62.4600000,59.2500000,59.4600000,139605
ICE.BRN,D,20150219,000000,59.5400000,60.9900000,57.8000000,60.2100000,188491
ICE.BRN,D,20150220,000000,60.2000000,61.1500000,59.8200000,60.1000000,113940
ICE.BRN,D,20150222,000000,60.0400000,60.0400000,59.7400000,59.8900000,352
ICE.BRN,D,20150223,000000,59.9100000,60.6700000,58.3700000,59.0000000,192314
ICE.BRN,D,20150224,000000,59.0900000,60.2900000,58.1000000,58.7500000,163766
ICE.BRN,D,20150225,000000,58.7500000,62.2000000,58.4100000,61.9100000,169462
ICE.BRN,D,20150226,000000,61.8500000,62.6300000,59.6600000,60.5200000,188749
ICE.BRN,D,20150227,000000,60.7500000,62.8300000,60.5100000,62.4800000,150323
ICE.BRN,D,20150301,000000,62.8300000,62.9500000,62.5400000,62.8900000,41
ICE.BRN,D,20150302,000000,62.8300000,62.9600000,60.0400000,60.6700000,45516
ICE.BRN,D,20150303,000000,60.6400000,62.5200000,60.4700000,61.7500000,46776
ICE.BRN,D,20150304,000000,61.5400000,61.6900000,60.2400000,61.1200000,34378
ICE.BRN,D,20150305,000000,61.1900000,62.1000000,60.5800000,61.1300000,36029
ICE.BRN,D,20150306,000000,61.1900000,61.7500000,59.6700000,60.2600000,44012
ICE.BRN,D,20150308,000000,60.0500000,60.1300000,59.6800000,59.7500000,153
ICE.BRN,D,20150309,000000,59.7600000,60.5000000,58.9500000,59.1100000,58942
ICE.BRN,D,20150310,000000,58.9500000,59.2600000,56.6200000,56.9100000,79311
ICE.BRN,D,20150311,000000,56.9300000,58.2500000,56.3500000,58.2200000,93513
ICE.BRN,D,20150312,000000,58.2300000,59.1500000,56.7500000,57.1800000,109389
ICE.BRN,D,20150313,000000,57.2500000,57.6000000,54.7500000,54.8900000,124306
ICE.BRN,D,20150315,000000,54.6600000,54.8400000,53.6400000,53.9900000,1461
ICE.BRN,D,20150316,000000,53.9900000,55.0100000,52.6500000,54.1500000,158183
ICE.BRN,D,20150317,000000,54.1000000,54.3800000,52.5700000,53.3000000,132840
ICE.BRN,D,20150318,000000,53.2800000,56.8400000,52.6800000,56.2700000,185587
ICE.BRN,D,20150319,000000,56.1800000,56.2000000,53.9100000,54.4600000,139341
ICE.BRN,D,20150320,000000,54.4600000,55.6700000,53.5500000,55.2200000,125736
ICE.BRN,D,20150322,000000,55.2400000,55.2900000,54.6500000,54.7000000,187
ICE.BRN,D,20150323,000000,54.7200000,56.1900000,54.1200000,55.8900000,148694
ICE.BRN,D,20150324,000000,55.8300000,56.7900000,54.8500000,55.3100000,160607
ICE.BRN,D,20150325,000000,55.0900000,57.1700000,54.7000000,56.3800000,163845
ICE.BRN,D,20150326,000000,56.3500000,59.7800000,56.3000000,58.8600000,207161
ICE.BRN,D,20150327,000000,58.9700000,59.0400000,55.9500000,56.1200000,138166
ICE.BRN,D,20150329,000000,55.9600000,56.2200000,55.5700000,55.9400000,750
ICE.BRN,D,20150330,000000,55.9400000,56.6500000,55.2000000,56.5600000,134865
ICE.BRN,D,20150331,000000,56.3100000,56.3300000,54.7200000,55.1000000,190662
ICE.BRN,D,20150401,000000,55.1700000,57.6900000,54.7000000,56.6700000,164197
ICE.BRN,D,20150402,000000,56.7200000,58.3200000,55.1200000,56.2300000,72594
ICE.BRN,D,20150405,000000,56.2100000,56.7100000,56.2100000,56.4700000,86
ICE.BRN,D,20150406,000000,56.4800000,59.4300000,55.6900000,59.0100000,48096
ICE.BRN,D,20150407,000000,59.3000000,60.3200000,58.1700000,59.6600000,90644
ICE.BRN,D,20150408,000000,59.3500000,59.7500000,56.6100000,57.2900000,81979
ICE.BRN,D,20150409,000000,57.3000000,59.1600000,57.1000000,57.9200000,90784
ICE.BRN,D,20150410,000000,57.8800000,59.1800000,57.3300000,59.1000000,94513
ICE.BRN,D,20150412,000000,59.0800000,59.0800000,58.8700000,58.8900000,42
ICE.BRN,D,20150413,000000,58.9200000,60.5900000,58.5600000,59.0500000,127394
ICE.BRN,D,20150414,000000,59.1400000,60.4400000,58.9500000,60.1700000,136977
ICE.BRN,D,20150415,000000,60.0600000,63.4700000,60.0300000,62.7100000,190261
ICE.BRN,D,20150416,000000,62.9000000,64.9500000,62.0000000,63.9400000,179529
ICE.BRN,D,20150417,000000,64.0200000,64.5000000,62.9500000,63.7200000,138694
ICE.BRN,D,20150419,000000,63.8500000,64.0000000,63.7400000,64.0000000,353
ICE.BRN,D,20150420,000000,64.0000000,64.4000000,62.1000000,63.4800000,166844
ICE.BRN,D,20150421,000000,63.5200000,63.5200000,61.6500000,61.7800000,121388
ICE.BRN,D,20150422,000000,61.9000000,63.3300000,61.3900000,62.8500000,138161
ICE.BRN,D,20150423,000000,62.8800000,65.5800000,62.2200000,64.7500000,188240
ICE.BRN,D,20150424,000000,64.7500000,65.8000000,64.4800000,65.4900000,132798
ICE.BRN,D,20150426,000000,65.4700000,65.4900000,65.3400000,65.4400000,136
ICE.BRN,D,20150427,000000,65.4600000,65.6100000,64.4000000,64.6500000,102984
ICE.BRN,D,20150428,000000,64.7400000,65.4900000,63.9000000,64.5700000,124081
ICE.BRN,D,20150429,000000,64.6400000,66.7200000,64.1300000,65.6000000,160228
ICE.BRN,D,20150430,000000,65.6300000,66.9300000,65.3700000,66.8000000,142079
ICE.BRN,D,20150501,000000,66.7800000,66.9300000,65.5200000,66.5100000,90243
ICE.BRN,D,20150503,000000,67.2400000,67.3600000,67.2400000,67.3300000,4
ICE.BRN,D,20150504,000000,67.1300000,67.8500000,66.7300000,67.1100000,18996
ICE.BRN,D,20150505,000000,67.2000000,69.1300000,66.9100000,68.3400000,46309
ICE.BRN,D,20150506,000000,68.4300000,69.6300000,67.3500000,67.4500000,160709
ICE.BRN,D,20150507,000000,67.3700000,69.1700000,65.8800000,66.3200000,63528
ICE.BRN,D,20150508,000000,66.1600000,66.4400000,64.2300000,65.5900000,168381
ICE.BRN,D,20150510,000000,66.1500000,66.2100000,66.1300000,66.1300000,17
ICE.BRN,D,20150511,000000,66.0900000,66.5300000,65.0100000,65.5100000,74703
ICE.BRN,D,20150512,000000,65.5000000,67.9500000,65.4000000,67.8200000,123281
ICE.BRN,D,20150513,000000,67.8300000,68.5200000,66.8700000,67.0400000,148770
ICE.BRN,D,20150514,000000,66.9700000,67.8200000,66.2600000,66.6500000,151194
ICE.BRN,D,20150515,000000,66.7500000,67.0000000,65.3700000,66.8600000,151347
ICE.BRN,D,20150517,000000,66.9100000,67.0000000,66.9100000,66.9100000,35
ICE.BRN,D,20150518,000000,66.9100000,67.8800000,65.9200000,66.3000000,136598
ICE.BRN,D,20150519,000000,66.1900000,66.3900000,63.9500000,64.4500000,162704
ICE.BRN,D,20150520,000000,64.4900000,65.1800000,64.1000000,64.9600000,149310
ICE.BRN,D,20150521,000000,64.8900000,66.8800000,64.8300000,66.4800000,159989
ICE.BRN,D,20150522,000000,66.6000000,66.6400000,65.1000000,65.5700000,120952
ICE.BRN,D,20150524,000000,65.5600000,65.6000000,65.4300000,65.4900000,60
ICE.BRN,D,20150525,000000,65.5500000,66.2200000,64.7200000,65.9000000,30299
ICE.BRN,D,20150526,000000,65.7000000,65.7000000,63.2900000,63.8900000,172510
ICE.BRN,D,20150527,000000,63.8900000,64.6700000,61.9600000,62.2500000,155707
ICE.BRN,D,20150528,000000,62.2000000,62.9500000,61.2400000,62.8500000,154512
ICE.BRN,D,20150529,000000,62.8900000,65.8300000,62.6800000,65.4500000,233363
ICE.BRN,D,20150531,000000,65.5600000,65.6000000,65.1100000,65.1900000,260
ICE.BRN,D,20150601,000000,65.2400000,65.8000000,64.2500000,64.9800000,123348
ICE.BRN,D,20150602,000000,64.9000000,66.5000000,64.7100000,66.1000000,57554
ICE.BRN,D,20150603,000000,66.1100000,66.1200000,64.2600000,64.4600000,52321
ICE.BRN,D,20150604,000000,64.5600000,64.7400000,62.4800000,62.8100000,49409
ICE.BRN,D,20150605,000000,62.7800000,64.1200000,61.6700000,63.9200000,67652
ICE.BRN,D,20150607,000000,63.5600000,63.8400000,63.5600000,63.6900000,121
ICE.BRN,D,20150608,000000,63.6600000,64.0400000,63.0400000,63.1900000,50019
ICE.BRN,D,20150609,000000,63.3200000,65.7900000,63.3000000,65.7200000,86191
ICE.BRN,D,20150610,000000,65.8000000,66.9400000,65.4400000,66.0900000,85495
ICE.BRN,D,20150611,000000,66.1100000,66.7100000,65.2000000,65.4700000,94768
ICE.BRN,D,20150612,000000,65.5000000,65.6300000,64.5200000,64.5200000,111160
ICE.BRN,D,20150614,000000,64.3700000,64.4400000,64.1500000,64.1500000,590
ICE.BRN,D,20150615,000000,64.1500000,64.7600000,63.3700000,63.9400000,182335
ICE.BRN,D,20150616,000000,63.8000000,64.4100000,63.4200000,63.6700000,159921
ICE.BRN,D,20150617,000000,63.6000000,65.4700000,62.6000000,63.7000000,214198
ICE.BRN,D,20150618,000000,63.7400000,64.9600000,63.4500000,64.3400000,130746
ICE.BRN,D,20150619,000000,64.2000000,64.5600000,62.3400000,62.7500000,141260
ICE.BRN,D,20150621,000000,62.5700000,62.8600000,62.5400000,62.7100000,269
ICE.BRN,D,20150622,000000,62.6900000,63.7400000,62.1000000,63.2500000,127078
ICE.BRN,D,20150623,000000,63.2100000,64.8900000,62.7600000,64.5300000,187042
ICE.BRN,D,20150624,000000,64.6900000,65.0500000,63.0100000,63.5800000,165352
ICE.BRN,D,20150625,000000,63.5000000,63.9500000,62.7200000,63.4300000,114915
ICE.BRN,D,20150626,000000,63.3400000,63.6200000,62.5000000,63.0500000,121564
ICE.BRN,D,20150628,000000,62.8500000,62.8800000,62.4000000,62.5600000,1973
ICE.BRN,D,20150629,000000,62.5500000,62.9600000,61.3500000,61.9900000,180685
ICE.BRN,D,20150630,000000,61.7700000,63.8300000,61.7100000,63.1400000,137841
ICE.BRN,D,20150701,000000,63.0200000,63.3500000,61.8400000,62.0200000,143874
ICE.BRN,D,20150702,000000,61.9200000,63.6400000,61.9200000,62.2900000,52715
ICE.BRN,D,20150703,000000,62.2800000,62.5600000,60.6300000,61.0900000,28778
ICE.BRN,D,20150705,000000,60.4500000,60.5400000,59.8800000,60.2900000,339
ICE.BRN,D,20150706,000000,60.1500000,60.4600000,56.8700000,57.1400000,83385
ICE.BRN,D,20150707,000000,57.3000000,58.3100000,55.6000000,58.0000000,106823
ICE.BRN,D,20150708,000000,57.7500000,58.1500000,56.3500000,57.6300000,90353
ICE.BRN,D,20150709,000000,57.5200000,59.5000000,57.3100000,58.7300000,95810
ICE.BRN,D,20150710,000000,58.8700000,59.9000000,58.1500000,58.8900000,73680
ICE.BRN,D,20150712,000000,58.5900000,58.5900000,58.1000000,58.1900000,952
ICE.BRN,D,20150713,000000,58.1600000,59.1400000,57.1600000,58.1400000,135767
ICE.BRN,D,20150714,000000,58.0500000,58.9800000,56.7500000,58.9400000,153200
ICE.BRN,D,20150715,000000,58.8000000,58.9800000,56.9200000,57.3700000,148113
ICE.BRN,D,20150716,000000,57.3600000,58.0000000,56.8600000,56.9500000,160155
ICE.BRN,D,20150717,000000,56.9400000,57.3500000,56.4000000,57.0100000,118060
ICE.BRN,D,20150719,000000,57.1200000,57.2700000,56.9700000,57.1600000,170
ICE.BRN,D,20150720,000000,57.1400000,57.4400000,56.3300000,56.5400000,98584
ICE.BRN,D,20150721,000000,56.5500000,57.4400000,56.3300000,56.9800000,111671
ICE.BRN,D,20150722,000000,56.8800000,56.9000000,55.9200000,56.0900000,151204
ICE.BRN,D,20150723,000000,56.0400000,56.5300000,55.1000000,55.4100000,124575
ICE.BRN,D,20150724,000000,55.3900000,55.6000000,54.3000000,54.5600000,112078
ICE.BRN,D,20150726,000000,54.4500000,54.6900000,54.4500000,54.6200000,99
ICE.BRN,D,20150727,000000,54.6100000,54.8900000,52.8300000,52.9600000,121382
ICE.BRN,D,20150728,000000,53.0800000,54.0800000,52.2800000,52.9800000,187790
ICE.BRN,D,20150729,000000,53.0000000,54.3300000,52.5100000,53.5500000,188678
ICE.BRN,D,20150730,000000,53.5200000,54.3800000,53.0200000,53.3800000,123520
ICE.BRN,D,20150731,000000,53.4300000,53.4700000,51.6300000,51.8500000,126332
ICE.BRN,D,20150802,000000,51.5500000,51.9300000,51.5000000,51.7000000,446
ICE.BRN,D,20150803,000000,51.7400000,52.0100000,49.3600000,49.5900000,183300
ICE.BRN,D,20150804,000000,49.7000000,50.4500000,49.5800000,50.2800000,129984
ICE.BRN,D,20150805,000000,50.1400000,50.9900000,49.0200000,49.7200000,181731
ICE.BRN,D,20150806,000000,49.7200000,49.8300000,48.8800000,49.5900000,150454
ICE.BRN,D,20150807,000000,49.6200000,50.0600000,48.4200000,48.4900000,117621
ICE.BRN,D,20150809,000000,48.4300000,48.4500000,48.2600000,48.4200000,502
ICE.BRN,D,20150810,000000,48.4200000,50.4900000,48.2400000,50.3000000,143006
ICE.BRN,D,20150811,000000,50.2200000,51.6900000,49.1800000,49.8700000,114102
ICE.BRN,D,20150812,000000,49.9000000,50.5300000,49.2800000,50.2100000,167527
ICE.BRN,D,20150813,000000,50.3800000,50.8300000,49.2500000,49.6500000,169793
ICE.BRN,D,20150814,000000,49.4800000,49.8300000,48.6500000,48.7700000,172496
ICE.BRN,D,20150816,000000,48.7200000,48.8100000,48.6000000,48.6200000,312
ICE.BRN,D,20150817,000000,48.6400000,49.4400000,48.3500000,48.5700000,135366
ICE.BRN,D,20150818,000000,48.5500000,49.0400000,48.2500000,48.6500000,119917
ICE.BRN,D,20150819,000000,48.5000000,49.1100000,46.7800000,46.8800000,170610
ICE.BRN,D,20150820,000000,47.0300000,47.3800000,46.0300000,46.2500000,140080
ICE.BRN,D,20150821,000000,46.3400000,46.5100000,45.0700000,45.4300000,165580
ICE.BRN,D,20150823,000000,45.3500000,45.4600000,45.2400000,45.4200000,286
ICE.BRN,D,20150824,000000,45.3600000,45.3600000,42.2300000,42.4500000,235405
ICE.BRN,D,20150825,000000,42.7900000,44.5000000,42.6800000,43.5000000,198068
ICE.BRN,D,20150826,000000,43.3200000,43.7600000,42.8100000,43.6400000,200254
ICE.BRN,D,20150827,000000,43.7500000,47.7500000,43.7000000,47.4000000,252451
ICE.BRN,D,20150828,000000,47.4000000,50.9800000,46.6100000,49.9300000,415577
ICE.BRN,D,20150830,000000,50.0500000,50.0500000,49.3000000,49.4500000,708
ICE.BRN,D,20150831,000000,49.4100000,54.3200000,48.2500000,53.1200000,343183
ICE.BRN,D,20150901,000000,52.9200000,53.4700000,48.4700000,48.6400000,338156
ICE.BRN,D,20150902,000000,48.5900000,51.0000000,47.7400000,50.4700000,262301
ICE.BRN,D,20150903,000000,50.5800000,52.4600000,49.8200000,50.6000000,230840
ICE.BRN,D,20150904,000000,50.6900000,51.0500000,49.2500000,49.2900000,161860
ICE.BRN,D,20150906,000000,49.2700000,49.4400000,49.2100000,49.3500000,103
ICE.BRN,D,20150907,000000,49.3100000,49.4400000,47.5000000,47.7600000,59638
ICE.BRN,D,20150908,000000,47.7600000,49.8500000,47.6400000,49.3100000,177114
ICE.BRN,D,20150909,000000,49.3900000,50.0400000,47.3200000,47.4400000,128120
ICE.BRN,D,20150910,000000,47.4600000,49.9000000,46.7600000,49.7200000,76937
ICE.BRN,D,20150911,000000,49.6000000,49.9400000,48.1100000,49.0800000,128409
ICE.BRN,D,20150913,000000,49.0000000,49.2500000,48.9800000,49.1300000,73
ICE.BRN,D,20150914,000000,49.2000000,49.2000000,47.2500000,47.4100000,114876
ICE.BRN,D,20150915,000000,47.6000000,48.2500000,47.0100000,48.1200000,133241
ICE.BRN,D,20150916,000000,48.0600000,50.3400000,47.7100000,49.9800000,191536
ICE.BRN,D,20150917,000000,49.9800000,50.1400000,48.3200000,49.3500000,181765
ICE.BRN,D,20150918,000000,49.2600000,49.7500000,47.1600000,47.7800000,165125
ICE.BRN,D,20150920,000000,47.6400000,47.7700000,47.5500000,47.5700000,116
ICE.BRN,D,20150921,000000,47.5800000,48.9900000,47.4800000,48.7300000,122688
ICE.BRN,D,20150922,000000,48.5000000,49.2100000,47.7000000,49.2000000,137669
ICE.BRN,D,20150923,000000,49.0800000,50.2500000,47.6800000,47.8000000,180587
ICE.BRN,D,20150924,000000,47.8800000,48.4700000,47.4000000,48.3300000,127434
ICE.BRN,D,20150925,000000,48.1700000,49.1000000,47.8600000,48.3400000,145183
ICE.BRN,D,20150927,000000,48.3400000,48.4400000,48.3200000,48.3900000,78
ICE.BRN,D,20150928,000000,48.3500000,48.4100000,47.2500000,47.4000000,147998
ICE.BRN,D,20150929,000000,47.4500000,48.6500000,47.2500000,47.9400000,133424
ICE.BRN,D,20150930,000000,47.9700000,49.0000000,47.7900000,48.4400000,155963
ICE.BRN,D,20151001,000000,48.4000000,49.8300000,47.6200000,48.0600000,203872
ICE.BRN,D,20151002,000000,47.9900000,48.5000000,46.9300000,48.2200000,168210
ICE.BRN,D,20151004,000000,48.0800000,48.3000000,47.8400000,47.8800000,329
ICE.BRN,D,20151005,000000,47.8500000,49.8700000,47.8500000,49.2200000,122472
ICE.BRN,D,20151006,000000,49.3700000,52.2600000,48.8700000,52.1500000,188969
ICE.BRN,D,20151007,000000,52.1500000,53.1500000,51.2100000,51.7500000,133502
ICE.BRN,D,20151008,000000,51.7600000,53.5200000,51.2800000,53.3000000,116912
ICE.BRN,D,20151009,000000,53.3500000,54.0500000,52.2100000,52.4300000,111431
ICE.BRN,D,20151011,000000,52.5900000,52.8500000,52.5400000,52.8100000,57
ICE.BRN,D,20151012,000000,52.8400000,53.6200000,50.1600000,50.6300000,113516
ICE.BRN,D,20151013,000000,50.7500000,51.1400000,49.3400000,49.6600000,155811
ICE.BRN,D,20151014,000000,49.4000000,50.0200000,49.2100000,49.5800000,137821
ICE.BRN,D,20151015,000000,49.6000000,50.3500000,48.7000000,50.3300000,196420
ICE.BRN,D,20151016,000000,50.2100000,50.7000000,49.3100000,50.5000000,117065
ICE.BRN,D,20151018,000000,50.3800000,50.6800000,50.3800000,50.6200000,183
ICE.BRN,D,20151019,000000,50.6800000,50.6800000,48.5700000,48.9100000,148134
ICE.BRN,D,20151020,000000,48.8300000,49.2000000,48.2200000,48.5600000,133175
ICE.BRN,D,20151021,000000,48.5800000,48.6500000,47.5000000,47.8900000,157590
ICE.BRN,D,20151022,000000,47.9600000,48.7300000,47.6500000,48.2200000,121196
ICE.BRN,D,20151023,000000,48.3200000,48.6500000,47.4500000,48.0800000,130286
ICE.BRN,D,20151025,000000,48.0000000,48.0200000,47.9000000,47.9700000,177
ICE.BRN,D,20151026,000000,47.9600000,48.3300000,47.3000000,47.4600000,111572
ICE.BRN,D,20151027,000000,47.4300000,47.5700000,46.4100000,47.0300000,142338
ICE.BRN,D,20151028,000000,46.9100000,49.2300000,46.6100000,49.1200000,167425
ICE.BRN,D,20151029,000000,49.1500000,49.3800000,48.1700000,48.6100000,146932
ICE.BRN,D,20151030,000000,48.6600000,50.0000000,48.2800000,49.5000000,144156
ICE.BRN,D,20151101,000000,49.4200000,49.5000000,49.3700000,49.3900000,249
ICE.BRN,D,20151102,000000,49.3900000,49.6900000,48.6100000,48.7700000,106228
ICE.BRN,D,20151103,000000,48.9000000,50.9100000,48.4600000,50.2500000,185989
ICE.BRN,D,20151104,000000,50.2500000,50.8700000,48.4900000,48.9200000,195640
ICE.BRN,D,20151105,000000,48.8400000,49.0000000,47.9300000,48.1200000,106947
ICE.BRN,D,20151106,000000,48.0500000,48.5800000,47.2700000,47.6600000,100089
ICE.BRN,D,20151108,000000,47.4600000,47.6300000,47.4200000,47.4800000,210
ICE.BRN,D,20151109,000000,47.4800000,48.4100000,47.0100000,47.3000000,113105
ICE.BRN,D,20151110,000000,47.3200000,47.8600000,46.9600000,47.0500000,98189
ICE.BRN,D,20151111,000000,47.0800000,48.3700000,46.4200000,46.5900000,128222
ICE.BRN,D,20151112,000000,46.7400000,47.0700000,45.0000000,45.2000000,204889
ICE.BRN,D,20151113,000000,45.1600000,45.9500000,44.1600000,44.6000000,200301
ICE.BRN,D,20151115,000000,44.7000000,44.7000000,44.3900000,44.6100000,579
ICE.BRN,D,20151116,000000,44.6000000,45.1800000,43.1600000,44.8600000,187757
ICE.BRN,D,20151117,000000,44.7000000,45.1000000,43.5000000,43.9900000,152560
ICE.BRN,D,20151118,000000,43.9700000,44.7400000,43.3400000,44.2700000,167112
ICE.BRN,D,20151119,000000,44.3000000,44.7600000,43.7000000,44.2600000,115790
ICE.BRN,D,20151120,000000,44.2900000,45.5000000,44.0700000,44.4800000,161008
ICE.BRN,D,20151122,000000,44.3600000,44.5200000,44.2900000,44.4200000,201
ICE.BRN,D,20151123,000000,44.4400000,45.7300000,43.5700000,45.1100000,212833
ICE.BRN,D,20151124,000000,45.1100000,46.5000000,44.9200000,45.9100000,168879
ICE.BRN,D,20151125,000000,46.0400000,46.5000000,45.0300000,46.2800000,139556
ICE.BRN,D,20151126,000000,46.2300000,46.3200000,45.0000000,45.6200000,69638
ICE.BRN,D,20151127,000000,45.5700000,45.6300000,44.7900000,44.8700000,106395
ICE.BRN,D,20151129,000000,44.8600000,44.9500000,44.7900000,44.8100000,356
ICE.BRN,D,20151130,000000,44.8000000,45.7500000,44.4400000,44.5000000,167617
ICE.BRN,D,20151201,000000,44.6200000,45.1800000,44.0300000,44.2800000,139160
ICE.BRN,D,20151202,000000,44.3200000,44.6400000,42.4300000,42.6800000,228353
ICE.BRN,D,20151203,000000,42.7700000,44.6900000,42.6100000,44.0600000,166712
ICE.BRN,D,20151204,000000,43.9800000,44.8200000,42.6700000,43.2200000,199656
ICE.BRN,D,20151206,000000,42.7600000,42.9300000,42.7500000,42.9100000,211
ICE.BRN,D,20151207,000000,42.9000000,43.0000000,40.6000000,40.6600000,173323
ICE.BRN,D,20151208,000000,40.8200000,41.4500000,39.8100000,40.4600000,209238
ICE.BRN,D,20151209,000000,40.6300000,41.5900000,39.5700000,40.3300000,194350
ICE.BRN,D,20151210,000000,40.4300000,40.7000000,39.4600000,39.5500000,122954
ICE.BRN,D,20151211,000000,39.5700000,40.1300000,37.7300000,38.2700000,172687
ICE.BRN,D,20151213,000000,38.3900000,38.3900000,38.1200000,38.2700000,163
ICE.BRN,D,20151214,000000,38.2600000,38.6800000,36.7500000,37.9900000,213815
ICE.BRN,D,20151215,000000,38.1000000,39.6900000,37.8100000,38.4500000,227063
ICE.BRN,D,20151216,000000,38.4500000,38.7400000,37.1700000,37.5700000,196582
ICE.BRN,D,20151217,000000,37.6000000,37.9300000,36.7500000,36.9500000,151892
ICE.BRN,D,20151218,000000,36.8100000,37.7300000,36.4100000,36.5500000,181428
ICE.BRN,D,20151220,000000,36.5500000,36.7500000,36.3200000,36.4500000,940
ICE.BRN,D,20151221,000000,36.4600000,36.7500000,36.0400000,36.2300000,114135
ICE.BRN,D,20151222,000000,36.3600000,36.7200000,35.9800000,36.3800000,127226
ICE.BRN,D,20151223,000000,36.3700000,37.8800000,36.2800000,37.7900000,147350
ICE.BRN,D,20151224,000000,37.7700000,38.1000000,36.9100000,37.9300000,92540
ICE.BRN,D,20151227,000000,37.8400000,37.9500000,37.7500000,37.7600000,713
ICE.BRN,D,20151228,000000,37.7600000,37.8500000,36.4100000,36.6000000,71102
ICE.BRN,D,20151229,000000,36.5900000,37.9800000,36.5600000,37.3900000,100631
ICE.BRN,D,20151230,000000,37.2900000,37.5500000,36.3500000,36.6800000,91286
ICE.BRN,D,20151231,000000,36.5700000,37.9500000,36.1000000,37.6000000,113998
ICE.BRN,D,20160103,000000,37.8500000,38.4600000,37.7800000,38.3400000,3248
ICE.BRN,D,20160104,000000,38.3300000,38.9900000,36.7700000,37.3300000,177195
ICE.BRN,D,20160105,000000,37.2700000,37.5700000,36.2400000,36.5900000,164413
ICE.BRN,D,20160106,000000,36.6400000,36.6700000,34.1300000,34.3800000,221868
ICE.BRN,D,20160107,000000,34.5200000,34.7400000,32.1600000,33.7700000,180185
ICE.BRN,D,20160108,000000,34.0200000,34.7200000,32.7800000,33.2600000,141595
ICE.BRN,D,20160110,000000,33.3400000,33.3600000,32.9100000,32.9900000,381
ICE.BRN,D,20160111,000000,32.9500000,33.7300000,31.5200000,31.6000000,155020
ICE.BRN,D,20160112,000000,31.7700000,32.6900000,30.5000000,30.8300000,202482
ICE.BRN,D,20160113,000000,31.2500000,31.8300000,29.9400000,30.2400000,250587
ICE.BRN,D,20160114,000000,30.2300000,31.1900000,29.7000000,31.1000000,219498
ICE.BRN,D,20160115,000000,31.0000000,31.0200000,28.8200000,29.1100000,223796
ICE.BRN,D,20160117,000000,28.7300000,28.8000000,27.6700000,28.1300000,3629
ICE.BRN,D,20160118,000000,28.1500000,29.5700000,27.9900000,28.7400000,126746
ICE.BRN,D,20160119,000000,28.7000000,30.2400000,28.6000000,28.7300000,202176
ICE.BRN,D,20160120,000000,28.6600000,28.7500000,27.1000000,27.7900000,203548
ICE.BRN,D,20160121,000000,27.9900000,29.8400000,27.2900000,29.7200000,273127
ICE.BRN,D,20160122,000000,29.6200000,32.3000000,29.2900000,32.0800000,240280
ICE.BRN,D,20160125,000000,32.6900000,32.8100000,30.0000000,30.0900000,160814
ICE.BRN,D,20160126,000000,30.0100000,32.7200000,29.2700000,31.0900000,213503
ICE.BRN,D,20160127,000000,31.2000000,33.4900000,30.8400000,33.0100000,175106
ICE.BRN,D,20160128,000000,32.8400000,35.8400000,32.5600000,34.5500000,114751
ICE.BRN,D,20160129,000000,34.0000000,36.1700000,34.0000000,35.8700000,297335
ICE.BRN,D,20160131,000000,35.9100000,36.2500000,35.6600000,35.9100000,1337
ICE.BRN,D,20160201,000000,35.9200000,36.0500000,33.9200000,34.1300000,256570
ICE.BRN,D,20160202,000000,34.1200000,34.1300000,32.2300000,32.5700000,253895